00010000110000010101000001011000
10001000110010001010100001010010
10011010010010001001010100100100
10010100010010001010000111000010
01000101110001001000010110110010
01001001001000100100010010001001
01000000100100001001001001010111
00101100110001001000100100100010
10010100010100010100001001000101
00010100101101000101001010001000
10010001001100010100010010110010
00110011000101100010100100101001
10010001010010010100101001001000
00100010100010100010010100101010
10110100100101100101110010001000
10001001100001010001000101000101
00101000101001001011011000010100
00000101000101001000100100011001
10001010010001001010001010010010
10010111000100100010100101000100
01000101001000100100001001001001
00100100010101001001000101000100
00010110010010001010010000101001
01000100010100010001000101001000
11001001000101000101001001010001
00010100101000100100100010000101
00000010101110001001000101001010
01001001010010010100100100101001
10010010001010010010010100100101
10011000110100101000101001001000
10100110000110000110100010010010
00010001100011010010010100101001
10100100010100010100001010010100
